**********
LISTA COORDINADORES
ID_COORDINADOR

103
131
140
157
158
208
217
236
240
289
296
304
306
321
324
339
342
382
384
387
410
413
418
442
444
469
488
500
543
555
591
599
622
628
630
651
671
696
698
760
775
783
810
811
832
873
915
917
939
943
960
980
1003
1014
1048
1080
1089
1116
1169
1223
1229
1320
1323
1372
1377
1379
1384
1395
1398
1471
1482
1488
1502
1516
1517
1541
1545
1636
1659
1671
1711
1727
1750
1755
1758
1760
1780
1815
1816
1830
1843
1844
1879
1938
1977
1991
2022
2027
2030
2054
2066
2073
2103
2106
2127
2129
2144
2149
2150
2154
2158
2229
2238
2242
2246
2262
2280
2282
2292
2314
2327
2331
2341
2346
2367
2373
2378
2386
2391
2401
2402
2412
2421
2455
2473
2496
2516
2531
2538
2568
2571
2629
2643
2698
2706
2709
2719
2739
2748
2752
2797
2823
2976
2992
3029
3031
3039
3046
3054
3086
3141
3151
3163
3206
3213
3217
3247
3257
3269
3295
3301
3307
3314
3325
3329
3331
3375
3395
3403
3443
3462
3473
3504
3517
3518
3524
3582
3593
3614
3647
3662
3671
3674
3681
3690
3710
3763
3838
3846
3849
3919
3957
3975
3982
3984
4015
4031
4063
4096
4106
4117
4119
4145
4170
4183
4185
4205
4262
4286
4310
4315
4355
4365
4431
4448
4478
4497
4498
4523
4524
4527
4673
4685
4686
4693
4704
4717
4764
4780
4805
4809
4861
4874
4905
4909
4919
4945
4946
4961
4968
5014
5054
5056
5154
5190
5199
5201
5203
5205
5207
5337
5338
5351
5388
5434
5444
5447
5454
5456
5495
5503
5516
5530
5540
5543
5576
5598
5621
5628
5656
5670
5679
5708
5709
5715
5718
5724
5735
5746
5775
5788
5799
5823
5834
5871
5898
5951
5959
5977
5984
5997
5999
6012
6019
6031
6040
6071
6075
6132
6146
6279
6298
6335
6336
6362
6414
6419
6444
6494
6512
6540
6545
6546
6552
6587
6620
6634
6642
6667
6670
6673
6688
6734
6747
6806
6808
6886
6903
6912
7002
7008
7049
7080
7081
7132
7133
7188
7209
7210
7230
7232
7353
7364
7371
7390
7393
7408
7431
7448
7450
7478
7527
7567
7573
7601
7618
7628
7651
7676
7687
7716
7718
7723
7806
7839
7855
7873
7884
7906
7911
7952
7994
8001
8003
8110
8152
8162
8166
8180
8210
8221
8226
8239
8258
8266
8299
8302
8315
8320
8332
8366
8378
8404
8416
8417
8423
8436
8448
8492
8501
8517
8525
8536
8606
8638
8642
8662
8846
8857
8864
8896
8911
8912
8914
8921
8932
8960
9055
9064
9112
9164
9221
9227
9256
9267
9290
9319
9335
9344
9354
9365
9411
9419
9431
9444
9462
9463
9473
9487
9499
9508
9519
9532
9535
9541
9571
9573
9584
9593
9596
9697
9709
9719
9722
9732
9747
9772
9782
9788
9793
9794
9805
9806
9808
9837
9867
9905
9924
9935
9942
9953
9977
9994
10008
10013
10034
10072
10084
10089
10120
10142
10149
10165
10236
10265
10267
10280
10298
10315
10343
10354
10379
10397
10407
10408
10426
10428
10432
10434
10464
10579
10587
10594
10699
10720
10723
10725
10795
10801
10871
10888
10892
10979
10981
10996
10999
11007
11008
11021
11032
11129
11133
11180
11181
11189
11220
11271
11273
11294
11297
11304
11306
11311
11332
11357
11377
11393
11399
11406
11407
11421
11477
11489
11518
11536
11566
11627
11650
11663
11747
11748
11770
11773
11795
11799
11845
11884
11927
11951
11985
12009
12031
12033
12043
12047
12058
12066
12067
12098
12110
12118
12126
12129
12133
12146
12234
12249
12269
12280
12283
12310
12325
12328
12336
12360
12368
12450
12467
12493
12507
12579
12587
12612
12617
12630
12648
12684
12700
12720
12776
12793
12833
12846
12885
12913
12953
12980
12981
12983
13024
13032
13042
13048
13049
13069
13096
13112
13145
13152
13182
13200
13229
13311
13319
13322
13327
13329
13340
13370
13376
13377
13423
13436
13441
13496
13517
13569
13573
13594
13599
13616
13658
13665
13697
13700
13702
13752
13757
13771
13808
13827
13847
13873
13887
13910
13929
13944
13983
13988
13994
14034
14074
14080
14099
14107
14130
14133
14176
14181
14244
14245
14290
14309
14320
14347
14356
14449
14459
14501
14505
14521
14555
14626
14636
14646
14660
14693
14704
14713
14721
14726
14744
14747
14789
14812
14829
14841
14856
14871
14916
14950
14984
14985
14994
15000
15048
15052
15060
15068
15103
15152
15157
15159
15202
15218
15219
15241
15245
15256
15285
15305
15317
15337
15377
15402
15426
15448
15471
15475
15523
15577
15585
15592
15596
15598
15637
15641
15644
15656
15657
15672
15724
15739
15756
15778
15782
15791
15801
15805
15823
15830
15855
15859
15869
15904
15955
15961
15965
15977
15999
16048
16060
16095
16118
16124
16129
16160
16170
16183
16187
16227
16243
16248
16260
16272
16301
16314
16336
16355
16364
16366
16368
16387
16392
16405
16416
16417
16440
16443
16496
16520
16568
16609
16636
16703
16735
16740
16773
16787
16819
16821
16853
16869
16880
16885
16887
16891
16901
16904
16955
16997
17016
17036
17037
17135
17165
17166
17178
17181
17194
17200
17204
17215
17313
17318
17362
17394
17407
17443
17471
17480
17485
17487
17616
17618
17620
17636
17657
17663
17685
17686
17715
17718
17748
17751
17768
17784
17806
17811
17886
17900
17950
17972
18024
18034
18134
18136
18141
18193
18209
18217
18260
18275
18308
18327
18332
18346
18359
18371
18381
18394
18401
18403
18413
18473
18521
18531
18550
18568
18570
18584
18595
18606
18614
18638
18662
18674
18677
18711
18718
18765
18772
18776
18778
18788
18800
18817
18825
18826
18827
18828
18841
18855
18864
18869
18876
18882
18885
18926
18935
18960
18963
19010
19022
19028
19061
19067
19086
19090
19108
19172
19181
19191
19267
19307
19309
19350
19359
19384
19401
19411
19427
19430
19503
19511
19563
19564
19595
19611
19630
19631
19662
19686
19744
19756
19760
19793
19797
19856
19859
19865
19880
19896
19899
19937
19951
19999
20023
20028
20057
20154
20158
20166
20174
20204
20206
20223
20240
20254
20269
20272
20280
20316
20327
20350
20354
20408
20467
20473
20474
20476
20482
20527
20536
20538
20557
20608
20627
20637
20639
20711
20726
20727
20752
20792
20844
20852
20853
20869
20874
20880
20944
20957
20976
20983
21009
21016
21023
21036
21044
21047
21062
21067
21092
21138
21146
21148
21210
21218
21232
21242
21249
21251
21263
21271
21287
21288
21309
21462
21475
21486
21510
21524
21531
21551
21553
21587
21594
21595
21600
21630
21647
21658
21676
21684
21700
21728
21738
21742
21744
21779
21823
21827
21834
21851
21854
21861
21887
21902
21905
21907
21942
21943
21944
21965
21976
21979
21982
21984
21994
22004
22065
22092
22108
22162
22176
22177
22182
22224
22230
22240
22263
22278
22315
22340
22352
22354
22358
22433
22456
22465
22470
22481
22496
22498
22499
22513
22516
22558
22564
22590
22635
22640
22660
22670
22682
22693
22700
22711
22737
22756
22776
22806
22815
22834
22836
22852
22892
22917
22941
22944
22946
22972
22985
23011
23023
23026
23029
23057
23066
23101
23140
23154
23172
23176
23180
23217
23253
23255
23258
23262
23268
23331
23357
23368
23380
23385
23401
23403
23427
23430
23451
23458
23482
23484
23493
23519
23523
23542
23575
23587
23627
23653
23661
23665
23667
23695
23733
23747
23782
23788
23816
23823
23841
23892
23896
23931
23934
23957
23968
23984
23993
24010
24041
24083
24091
24099
24111
24126
24136
24156
24163
24177
24194
24198
24205
24228
24230
24241
24255
24256
24261
24290
24298
24305
24388
24432
24443
24445
24451
24459
24481
24494
24507
24536
24557
24569
24605
24611
24683
24696
24706
24772
24815
24830
24863
24870
24891
24910
24938
24947
24959
24984
25004
25022
25032
25039
25088
25094
25107
25123
25157
25172
25186
25191
25203
25230
25232
25242
25281
25307
25342
25390
25440
25441
25473
25484
25489
25492
25497
25498
25550
25577
25581
25611
25674
25711
25714
25723
25735
25737
25741
25754
25773
25814
25818
25888
25905
25954
25974
25978
25998
26006
26011
26039
26060
26069
26070
26096
26128
26130
26177
26186
26230
26238
26276
26296
26300
26368
26370
26386
26446
26463
26504
26510
26561
26602
26606
26617
26623
26637
26683
26711
26724
26853
26865
26874
26883
26942
26964
26993
27004
27036
27062
27116
27129
27134
27163
27176
27210
27301
27306
27312
27342
27354
27365
27380
27397
27491
27522
27566
27589
27616
27618
27622
27626
27651
27667
27697
27721
27752
27762
27786
27789
27803
27804
27823
27887
27911
27939
27962
27981
27991
28074
28091
28093
28103
28108
28120
28135
28154
28177
28189
28194
28205
28214
28218
28238
28239
28255
28305
28319
28377
28382
28388
28408
28442
28448
28453
28458
28459
28465
28488
28494
28509
28536
28544
28550
28552
28562
28602
28623
28635
28683
28704
28707
28719
28765
28823
28895
28902
28917
28933
28948
28964
29011
29013
29021
29044
29053
29058
29107
29119
29137
29138
29194
29212
29213
29219
29227
29253
29262
29271
29300
29305
29322
29344
29359
29377
29403
29480
29496
29524
29533
29541
29561
29565
29588
29592
29602
29605
29607
29610
29639
29651
29714
29725
29735
29737
29755
29766
29767
29768
29783
29796
29817
29829
29834
29891
29900
29929
29939
29954
29970
29979
29989
